-0.52 0.83  -0.54
-0.43 0.83  -0.56
-0.41 0.48  -0.52
-0.46 0.02  -0.62
-0.41 -0.01  -0.46
-0.36 -0.01  -0.50
-0.61 0.84  -0.53
-0.59 0.48  -0.52
-0.57 0.02  -0.62
-0.59 -0.01  -0.45
-0.65 -0.01  -0.49
-0.51 0.96  -0.53
-0.54 1.15  -0.55
-0.53 1.37  -0.55
-0.35 1.30  -0.59
-0.19 1.18  -0.62
-0.03 0.98  -0.63
0.00 0.91  -0.63
0.05 0.93  -0.66
-0.71 1.29  -0.52
-0.76 1.08  -0.50
-0.76 0.83  -0.44
-0.79 0.74  -0.42
-0.73 0.76  -0.42
-0.41 1.46  -0.40
-0.39 1.51  -0.43
-0.43 1.51  -0.37
